# Keypoint matches from EfficientLoFTR
# Format: x0 y0 x1 y1 confidence
322.50 19.50 235.56 27.50 0.2463
369.50 15.50 346.45 15.52 0.2823
372.50 19.50 349.58 19.46 0.6618
501.50 19.50 701.55 18.49 0.3012
514.50 18.50 506.51 16.56 0.2127
517.50 18.50 509.49 16.54 0.4233
621.50 12.50 837.51 15.50 0.2172
650.50 16.50 306.49 16.46 0.2605
231.50 23.50 269.49 15.52 0.2475
301.50 20.50 288.50 28.48 0.3852
371.50 22.50 587.47 31.50 0.2504
377.50 23.50 355.54 24.51 0.3647
732.50 23.50 407.50 22.50 0.2819
746.50 24.50 418.48 27.51 0.2876
1009.50 27.50 1226.56 111.54 0.2579
1556.50 20.50 1453.51 71.50 0.2067
29.50 33.50 165.45 35.50 0.2052
333.50 31.50 325.53 31.45 0.2142
371.50 28.50 351.47 29.52 0.3389
626.50 33.50 850.43 31.49 0.2280
300.50 39.50 526.55 32.51 0.3684
848.50 36.50 1069.46 48.52 0.3759
269.50 44.50 245.45 39.50 0.3792
282.50 44.50 258.51 37.50 0.3381
296.50 51.50 275.51 39.47 0.3111
330.50 49.50 290.56 59.56 0.2118
370.50 46.50 575.50 42.55 0.3418
788.50 51.50 488.47 83.50 0.2783
843.50 51.50 1063.49 54.49 0.3537
853.50 44.50 1069.54 15.50 0.2034
378.50 67.50 586.44 51.52 0.2622
381.50 60.50 589.47 44.53 0.4224
541.50 64.50 821.49 64.50 0.4099
549.50 67.50 828.51 67.51 0.5611
796.50 66.50 491.53 91.55 0.2004
875.50 64.50 1089.46 34.51 0.3741
877.50 64.50 1100.51 35.51 0.3223
83.50 75.50 114.47 75.50 0.2170
378.50 75.50 586.47 58.50 0.6644
866.50 72.50 1082.49 40.49 0.5881
874.50 70.50 1098.47 40.44 0.3546
1078.50 75.50 1699.46 26.47 0.2301
1539.50 75.50 1233.51 18.48 0.2600
91.50 81.50 106.50 76.49 0.4257
362.50 83.50 579.44 82.52 0.2229
412.50 83.50 405.49 107.50 0.2077
575.50 83.50 448.45 68.43 0.2045
587.50 79.50 272.51 113.48 0.2007
875.50 77.50 1098.47 47.51 0.6150
891.50 81.50 1110.49 48.52 0.2540
302.50 99.50 264.50 59.53 0.2515
738.50 99.50 626.51 19.45 0.3121
1611.50 92.50 1647.49 172.47 0.2302
301.50 100.50 263.49 60.58 0.4380
411.50 100.50 402.50 108.52 0.2436
586.50 102.50 282.51 132.53 0.4233
759.50 107.50 656.52 24.46 0.3647
756.50 115.50 653.52 32.49 0.2911
218.50 123.50 274.51 123.44 0.3462
612.50 123.50 838.51 147.50 0.2591
637.50 116.50 861.49 52.54 0.2633
738.50 120.50 626.50 27.52 0.3071
1286.50 123.50 1500.57 377.51 0.3030
338.50 131.50 362.49 137.46 0.2846
348.50 127.50 589.52 119.51 0.2504
420.50 131.50 357.50 25.49 0.3388
717.50 126.50 613.47 43.51 0.3197
761.50 126.50 659.51 44.52 0.2376
771.50 130.50 665.50 36.59 0.2772
773.50 124.50 356.50 105.54 0.2397
1226.50 128.50 1042.54 63.54 0.3861
1268.50 130.50 1605.55 215.50 0.2023
420.50 139.50 358.50 33.51 0.2470
429.50 139.50 365.47 32.44 0.2977
466.50 132.50 418.52 54.51 0.4806
690.50 132.50 594.50 62.50 0.3987
710.50 139.50 604.55 49.49 0.3632
722.50 132.50 618.52 46.54 0.4626
762.50 135.50 659.51 52.55 0.5493
1277.50 139.50 1612.49 224.49 0.2789
77.50 141.50 213.51 114.55 0.3281
714.50 142.50 610.55 52.43 0.3402
761.50 144.50 659.52 60.54 0.3467
1413.50 140.50 757.48 111.51 0.2415
213.50 148.50 461.57 127.50 0.2142
261.50 148.50 485.49 141.46 0.2329
707.50 151.50 603.52 64.51 0.3889
709.50 149.50 605.49 61.55 0.2581
746.50 148.50 642.51 73.50 0.3211
770.50 148.50 666.51 60.50 0.4461
772.50 155.50 669.51 67.50 0.5442
780.50 155.50 678.57 66.49 0.5698
990.50 155.50 1196.60 75.49 0.2268
1194.50 155.50 1010.54 168.53 0.2360
1420.50 155.50 357.49 99.52 0.2072
769.50 156.50 667.49 68.50 0.2174
772.50 163.50 670.53 74.49 0.6419
780.50 163.50 678.51 73.52 0.5122
467.50 171.50 1026.49 264.49 0.2199
714.50 170.50 618.48 97.50 0.6201
719.50 169.50 616.51 81.49 0.3380
757.50 167.50 653.52 81.50 0.2365
764.50 164.50 665.52 81.47 0.3540
778.50 166.50 675.51 76.51 0.8866
785.50 168.50 683.51 76.54 0.4039
794.50 164.50 690.53 73.52 0.3362
723.50 172.50 625.46 93.47 0.4564
733.50 173.50 632.53 92.47 0.5378
747.50 174.50 639.43 85.45 0.2874
748.50 175.50 647.49 87.43 0.6547
762.50 174.50 658.49 84.57 0.7327
770.50 176.50 666.47 84.51 0.7960
772.50 179.50 670.51 89.52 0.7191
789.50 177.50 692.56 83.49 0.3216
472.50 180.50 411.52 61.49 0.5853
723.50 180.50 626.49 101.52 0.3667
725.50 183.50 629.50 105.50 0.5784
742.50 183.50 636.46 96.49 0.2619
753.50 187.50 651.46 95.49 0.5066
756.50 187.50 654.47 94.48 0.6511
768.50 187.50 667.51 98.46 0.7774
772.50 187.50 671.51 97.48 0.5471
722.50 188.50 627.54 110.52 0.5594
725.50 190.50 629.53 109.54 0.8022
743.50 191.50 648.51 100.51 0.5146
755.50 194.50 656.44 107.48 0.3803
763.50 195.50 664.41 107.48 0.3528
770.50 195.50 671.53 106.42 0.5161
776.50 190.50 677.48 100.58 0.7386
1053.50 195.50 1573.50 230.47 0.3620
117.50 201.50 29.49 131.50 0.2852
721.50 196.50 626.51 116.51 0.6900
733.50 201.50 637.51 115.51 0.7755
747.50 199.50 649.50 113.54 0.8162
755.50 201.50 657.48 114.55 0.7152
763.50 196.50 664.44 108.57 0.7021
767.50 197.50 668.52 108.58 0.9327
772.50 202.50 681.58 111.45 0.3481
469.50 210.50 436.49 147.50 0.3315
485.50 204.50 420.54 77.54 0.2925
618.50 211.50 586.46 138.48 0.4345
730.50 211.50 642.56 123.45 0.2858
746.50 204.50 650.45 117.52 0.6482
754.50 204.50 657.55 117.51 0.8511
757.50 211.50 660.55 123.44 0.9395
769.50 204.50 674.49 120.50 0.6165
19.50 217.50 32.41 147.50 0.4161
412.50 212.50 669.54 180.53 0.3933
461.50 212.50 429.46 149.50 0.7814
469.50 219.50 436.50 155.52 0.6013
754.50 214.50 658.56 125.47 0.6718
763.50 219.50 666.50 131.52 0.8034
779.50 212.50 682.50 124.55 0.2379
780.50 219.50 678.56 123.45 0.4065
1053.50 212.50 1581.51 247.51 0.2523
211.50 222.50 58.55 117.51 0.6912
466.50 223.50 434.53 159.53 0.5067
474.50 221.50 442.49 158.49 0.6625
476.50 223.50 445.47 160.50 0.3419
738.50 220.50 635.51 135.54 0.2067
757.50 226.50 661.48 136.52 0.2875
770.50 222.50 674.44 136.48 0.4871
773.50 224.50 677.45 137.53 0.3305
962.50 222.50 970.51 148.50 0.2347
1536.50 226.50 944.48 285.49 0.3412
117.50 235.50 373.51 138.45 0.2047
466.50 230.50 434.49 164.55 0.5840
474.50 228.50 442.44 164.57 0.5976
778.50 228.50 683.51 141.55 0.3104
785.50 228.50 690.50 140.55 0.5727
866.50 235.50 906.61 166.49 0.2768
114.50 240.50 386.51 148.52 0.2278
138.50 243.50 394.50 145.46 0.5148
772.50 241.50 680.51 155.44 0.2655
780.50 242.50 686.49 155.53 0.4258
867.50 243.50 911.53 175.49 0.2726
1024.50 243.50 963.50 161.50 0.2256
1853.50 243.50 1004.50 91.53 0.5276
1868.50 239.50 1014.49 84.49 0.2007
341.50 251.50 541.50 138.53 0.2629
866.50 251.50 914.49 183.47 0.2061
954.50 251.50 1313.50 19.49 0.4986
1088.50 244.50 1684.61 423.50 0.2018
1354.50 247.50 1490.49 47.52 0.2911
1852.50 247.50 1005.55 94.51 0.2370
60.50 259.50 264.53 299.50 0.3610
131.50 252.50 393.48 156.53 0.3756
938.50 259.50 1282.52 33.49 0.2739
1060.50 255.50 997.50 13.50 0.2167
1306.50 257.50 1193.43 251.51 0.4616
1354.50 252.50 1490.50 52.48 0.2824
1757.50 254.50 1061.46 295.46 0.2331
117.50 261.50 373.47 166.54 0.2062
834.50 261.50 1035.57 260.61 0.2652
960.50 261.50 1318.49 28.54 0.2506
1148.50 260.50 1221.53 70.52 0.3615
1162.50 267.50 1235.56 74.53 0.4441
1204.50 260.50 1285.56 223.56 0.2119
1301.50 264.50 1190.50 258.50 0.2582
1352.50 260.50 1499.54 68.55 0.3230
149.50 272.50 405.52 170.54 0.5847
157.50 273.50 413.51 171.48 0.2432
212.50 268.50 200.55 188.58 0.4891
349.50 268.50 525.52 158.50 0.3061
793.50 270.50 1003.49 268.48 0.2560
1077.50 270.50 1116.57 63.48 0.2536
1342.50 268.50 1484.56 77.50 0.2465
1354.50 272.50 1498.55 80.49 0.6931
1362.50 270.50 1506.56 76.55 0.4129
13.50 278.50 165.49 260.50 0.3324
117.50 280.50 373.46 176.49 0.4459
148.50 278.50 405.52 176.51 0.5437
157.50 279.50 413.51 177.50 0.2507
172.50 283.50 424.46 179.48 0.3410
314.50 283.50 515.50 174.49 0.2499
448.50 281.50 701.46 218.43 0.2105
499.50 278.50 729.54 190.53 0.4302
1218.50 283.50 1283.42 99.52 0.2190
1341.50 276.50 1485.51 87.47 0.2099
1349.50 276.50 1492.50 84.50 0.5316
1365.50 281.50 1509.51 97.48 0.2721
170.50 284.50 423.47 180.47 0.2466
178.50 290.50 441.48 194.51 0.5823
292.50 291.50 502.51 187.44 0.2327
308.50 291.50 511.53 184.52 0.7550
322.50 291.50 523.51 184.55 0.4860
341.50 289.50 533.47 181.53 0.3367
354.50 289.50 546.48 184.47 0.7735
1085.50 286.50 1125.49 76.48 0.4061
1345.50 287.50 1490.50 95.51 0.3184
1363.50 291.50 1507.51 107.52 0.2857
1364.50 291.50 1508.56 107.52 0.8204
1373.50 291.50 1517.54 105.50 0.5721
1484.50 284.50 1640.58 98.50 0.3798
42.50 292.50 202.50 244.44 0.3163
109.50 297.50 357.50 208.54 0.2187
138.50 299.50 370.50 195.54 0.2095
324.50 292.50 525.50 185.56 0.2473
346.50 292.50 539.58 188.55 0.5351
348.50 297.50 543.48 195.47 0.7336
357.50 297.50 550.50 195.48 0.8409
371.50 299.50 560.51 195.55 0.4791
387.50 299.50 567.53 192.48 0.3454
493.50 299.50 405.50 114.45 0.4553
666.50 299.50 130.50 106.48 0.2731
802.50 299.50 1018.50 299.49 0.2484
834.50 295.50 1001.52 247.53 0.3202
963.50 299.50 1330.47 63.52 0.6506
1370.50 292.50 1514.60 108.53 0.6149
1378.50 299.50 1522.51 112.53 0.2374
1484.50 295.50 1637.53 107.51 0.2342
20.50 300.50 80.53 264.44 0.3306
79.50 300.50 207.49 212.49 0.2151
138.50 302.50 370.52 198.52 0.2599
301.50 304.50 509.57 195.51 0.2456
313.50 300.50 518.38 191.49 0.3027
324.50 307.50 528.39 195.46 0.8088
353.50 300.50 547.52 198.57 0.5405
357.50 307.50 549.50 203.50 0.8776
366.50 305.50 557.53 203.51 0.6564
379.50 306.50 569.53 203.48 0.2878
818.50 301.50 994.52 252.50 0.3179
965.50 300.50 1332.54 64.50 0.2177
1299.50 300.50 929.49 91.47 0.2581
1482.50 303.50 1634.55 124.58 0.2255
1550.50 302.50 956.52 240.53 0.2239
82.50 310.50 242.50 260.50 0.3183
178.50 308.50 434.49 204.43 0.3952
186.50 310.50 442.55 205.48 0.7224
301.50 308.50 510.52 199.44 0.9332
311.50 308.50 518.50 198.48 0.9085
320.50 308.50 525.42 196.52 0.8775
332.50 315.50 536.47 202.44 0.2959
347.50 312.50 543.48 209.57 0.4273
358.50 308.50 550.54 204.57 0.8859
371.50 308.50 562.38 206.56 0.5453
381.50 315.50 566.48 211.50 0.3406
938.50 315.50 1162.54 51.53 0.3029
941.50 315.50 1164.56 50.53 0.4039
1290.50 313.50 1410.53 177.52 0.2210
1486.50 315.50 1637.49 138.48 0.3083
53.50 319.50 205.48 256.50 0.5401
67.50 317.50 215.44 254.49 0.2474
141.50 317.50 389.50 220.56 0.4553
149.50 323.50 397.57 225.51 0.2056
260.50 317.50 1053.45 287.53 0.4006
300.50 320.50 511.47 210.44 0.8877
314.50 316.50 523.49 205.49 0.7788
317.50 316.50 525.53 205.47 0.8713
331.50 318.50 536.41 205.47 0.5198
370.50 316.50 562.45 213.49 0.4669
378.50 316.50 570.50 214.57 0.3212
408.50 323.50 573.55 210.47 0.6833
412.50 321.50 583.53 211.48 0.5504
499.50 317.50 723.54 198.54 0.3149
650.50 320.50 826.55 183.51 0.2625
749.50 323.50 485.51 50.47 0.2616
773.50 320.50 645.54 153.49 0.2923
1260.50 320.50 1344.52 192.51 0.2561
1285.50 318.50 1404.59 187.48 0.4554
12.50 324.50 182.48 263.52 0.5405
125.50 324.50 405.52 230.53 0.2250
189.50 327.50 445.48 226.51 0.2154
302.50 325.50 513.49 215.48 0.4778
315.50 331.50 522.45 212.52 0.4928
323.50 331.50 529.48 212.58 0.6229
331.50 329.50 538.37 215.51 0.8309
346.50 331.50 547.48 217.52 0.5106
355.50 324.50 551.51 216.59 0.2988
404.50 324.50 576.54 215.47 0.4257
415.50 331.50 580.53 219.51 0.8162
421.50 327.50 589.49 215.50 0.4473
627.50 324.50 807.51 189.52 0.2915
773.50 324.50 645.58 156.54 0.5266
780.50 327.50 652.51 158.50 0.2271
834.50 331.50 1042.51 314.48 0.4614
1427.50 324.50 1553.52 157.51 0.4039
1757.50 324.50 885.49 150.51 0.6219
20.50 339.50 190.46 274.39 0.2721
59.50 339.50 218.42 280.46 0.2889
178.50 332.50 442.63 231.48 0.2920
300.50 332.50 512.51 221.51 0.2727
315.50 339.50 522.42 220.47 0.4597
330.50 339.50 538.57 224.52 0.3245
333.50 339.50 541.50 224.47 0.6043
348.50 338.50 551.49 223.46 0.3126
358.50 332.50 563.50 224.52 0.2463
410.50 339.50 578.54 226.49 0.3079
419.50 333.50 583.55 220.58 0.3091
427.50 332.50 592.49 221.52 0.2154
948.50 339.50 1303.47 91.53 0.3030
1477.50 338.50 1621.49 179.50 0.2566
20.50 347.50 194.38 283.55 0.5232
28.50 341.50 199.56 279.37 0.8975
40.50 344.50 204.54 280.52 0.5415
149.50 341.50 405.52 239.48 0.3812
181.50 340.50 741.45 252.47 0.6123
195.50 345.50 423.50 243.53 0.4754
204.50 340.50 431.49 238.53 0.9481
212.50 340.50 437.52 238.44 0.5248
251.50 341.50 466.45 243.52 0.2631
295.50 347.50 512.33 235.48 0.8823
307.50 347.50 519.46 235.54 0.6789
314.50 342.50 530.53 229.56 0.3943
330.50 347.50 539.50 231.42 0.4607
410.50 341.50 578.58 228.58 0.2957
413.50 347.50 581.55 234.48 0.3506
427.50 347.50 590.48 232.52 0.2477
467.50 346.50 610.47 224.54 0.6011
1477.50 344.50 1624.51 185.47 0.3749
19.50 355.50 194.43 288.61 0.3993
28.50 350.50 200.44 285.61 0.4562
37.50 352.50 205.50 284.52 0.7974
45.50 353.50 212.54 290.54 0.5155
53.50 355.50 221.53 291.40 0.3603
181.50 350.50 413.59 251.61 0.2090
189.50 351.50 421.56 253.53 0.3647
204.50 352.50 431.50 250.47 0.5292
212.50 354.50 437.55 251.44 0.5696
221.50 348.50 445.56 247.54 0.2022
250.50 353.50 466.44 247.50 0.4334
267.50 350.50 1040.52 301.47 0.3621
269.50 355.50 1044.57 307.48 0.2275
292.50 348.50 509.57 236.61 0.9490
301.50 355.50 517.57 242.43 0.9493
315.50 355.50 526.49 241.49 0.4286
330.50 355.50 538.43 241.53 0.5007
338.50 355.50 547.52 239.48 0.5000
342.50 348.50 549.47 232.53 0.7899
349.50 353.50 556.49 236.53 0.2204
454.50 355.50 596.49 231.52 0.3635
461.50 354.50 605.49 233.56 0.8168
1522.50 349.50 1098.42 263.49 0.3241
44.50 362.50 212.57 294.51 0.2806
98.50 356.50 251.57 277.52 0.3820
185.50 363.50 424.47 267.51 0.3220
203.50 356.50 431.52 253.50 0.7416
214.50 363.50 439.45 259.48 0.5871
221.50 357.50 445.59 255.52 0.9046
229.50 361.50 453.55 256.45 0.6003
244.50 361.50 462.50 255.50 0.7064
275.50 357.50 1050.54 308.57 0.3398
306.50 363.50 521.50 248.44 0.9293
310.50 363.50 524.49 247.47 0.6316
343.50 356.50 551.57 239.56 0.7505
466.50 357.50 610.50 236.50 0.3492
474.50 363.50 617.50 242.54 0.5875
605.50 356.50 789.49 213.50 0.3343
675.50 363.50 823.47 224.51 0.5345
1214.50 357.50 1452.52 188.48 0.2139
17.50 364.50 194.51 295.58 0.2834
23.50 364.50 199.47 295.53 0.2144
41.50 364.50 210.47 295.49 0.2665
69.50 364.50 221.48 295.44 0.3274
93.50 367.50 244.51 288.54 0.3213
199.50 364.50 428.54 260.45 0.7329
220.50 368.50 445.46 263.45 0.5093
229.50 371.50 453.45 264.48 0.7414
237.50 371.50 460.50 263.52 0.4460
246.50 371.50 468.51 264.50 0.5923
322.50 364.50 538.50 247.54 0.2225
333.50 370.50 542.45 251.53 0.5301
345.50 364.50 554.42 246.52 0.9455
348.50 371.50 556.63 251.48 0.8959
475.50 365.50 618.49 244.62 0.4083
477.50 367.50 620.57 246.52 0.3135
522.50 367.50 418.53 145.56 0.2269
530.50 370.50 498.54 265.52 0.3114
666.50 371.50 818.53 232.49 0.2723
674.50 371.50 834.48 231.51 0.2649
700.50 371.50 854.50 227.51 0.3355
883.50 364.50 849.51 333.50 0.2387
898.50 364.50 866.48 341.48 0.3547
1658.50 364.50 1770.48 284.47 0.2378
31.50 372.50 207.52 302.58 0.2413
45.50 376.50 213.46 307.39 0.2670
66.50 379.50 226.61 307.49 0.2799
82.50 372.50 235.44 306.56 0.2986
117.50 378.50 364.54 289.55 0.2101
124.50 379.50 383.51 291.52 0.2130
181.50 372.50 421.52 276.56 0.2193
195.50 379.50 430.48 283.39 0.4558
210.50 372.50 442.52 274.52 0.3348
213.50 372.50 445.52 274.49 0.5525
293.50 379.50 517.46 265.52 0.2116
307.50 372.50 522.49 255.49 0.3480
314.50 375.50 530.47 257.46 0.7429
317.50 372.50 533.45 254.50 0.7372
332.50 376.50 542.55 256.55 0.6361
346.50 378.50 554.48 253.49 0.9840
348.50 379.50 556.48 254.49 0.6421
436.50 379.50 592.53 251.49 0.2214
539.50 372.50 530.49 300.49 0.3070
547.50 377.50 538.48 302.46 0.2182
674.50 375.50 826.51 236.52 0.4139
682.50 379.50 850.54 240.51 0.2978
690.50 377.50 850.53 234.52 0.8310
695.50 379.50 856.51 235.47 0.5975
909.50 379.50 877.52 354.47 0.3985
1309.50 376.50 1077.61 335.51 0.4097
1319.50 376.50 1086.50 334.52 0.4574
1658.50 379.50 1258.49 249.58 0.3191
85.50 382.50 237.46 295.54 0.3154
93.50 380.50 245.52 295.53 0.3310
118.50 380.50 384.50 292.55 0.2054
178.50 380.50 411.47 285.49 0.3869
180.50 387.50 415.56 291.50 0.2135
195.50 381.50 431.46 284.48 0.5965
200.50 384.50 436.51 286.48 0.6540
213.50 380.50 445.51 281.49 0.3206
227.50 385.50 456.50 276.48 0.6888
235.50 383.50 466.46 278.51 0.6782
242.50 380.50 466.44 271.49 0.2858
245.50 381.50 468.56 272.46 0.3984
253.50 383.50 477.53 274.47 0.4155
269.50 386.50 484.56 275.52 0.4414
310.50 380.50 525.50 263.52 0.2368
317.50 380.50 533.54 261.52 0.7615
326.50 384.50 547.44 264.47 0.8033
344.50 382.50 555.48 264.53 0.3574
351.50 380.50 561.54 261.52 0.7569
356.50 386.50 566.49 266.49 0.9065
370.50 387.50 578.49 264.49 0.7386
444.50 387.50 602.46 258.49 0.2545
570.50 384.50 795.51 247.50 0.2755
653.50 383.50 813.45 244.47 0.3606
661.50 387.50 821.52 250.50 0.3929
674.50 385.50 842.54 247.53 0.3712
682.50 386.50 850.49 249.53 0.3845
685.50 380.50 853.52 241.50 0.2736
693.50 380.50 861.52 239.51 0.3759
725.50 383.50 205.52 204.50 0.3675
1149.50 384.50 1245.52 355.51 0.3430
1302.50 387.50 1428.51 243.50 0.2059
90.50 394.50 242.50 311.55 0.2856
171.50 388.50 408.50 293.51 0.3323
179.50 388.50 415.51 292.60 0.3941
186.50 394.50 426.57 297.45 0.5325
194.50 392.50 434.56 293.53 0.5121
219.50 388.50 450.53 285.56 0.3434
226.50 395.50 458.50 291.47 0.6161
229.50 392.50 461.50 287.55 0.8447
244.50 395.50 470.48 278.45 0.3712
255.50 395.50 483.50 281.59 0.6531
268.50 394.50 486.48 282.45 0.3854
277.50 391.50 496.53 280.60 0.3305
316.50 392.50 536.58 274.52 0.3549
324.50 388.50 543.53 269.48 0.6331
338.50 394.50 553.50 274.53 0.3388
347.50 391.50 561.42 271.55 0.7657
355.50 389.50 567.47 269.50 0.8467
364.50 390.50 573.52 269.56 0.8523
372.50 391.50 581.46 268.54 0.5534
426.50 388.50 746.51 327.42 0.2090
547.50 389.50 518.45 285.48 0.4374
578.50 391.50 682.51 267.48 0.2824
658.50 393.50 818.49 257.50 0.2573
661.50 391.50 821.50 254.53 0.4970
669.50 391.50 837.58 256.55 0.3922
690.50 393.50 858.50 256.51 0.5709
698.50 395.50 866.47 257.50 0.2817
715.50 391.50 874.45 244.57 0.2006
1299.50 395.50 1425.51 248.53 0.2900
1306.50 395.50 282.51 187.50 0.2551
1899.50 391.50 1273.55 271.49 0.2779
36.50 403.50 216.48 329.49 0.2413
173.50 399.50 414.53 304.50 0.4081
186.50 399.50 427.54 301.42 0.7115
226.50 397.50 458.50 293.45 0.5756
234.50 403.50 466.50 298.49 0.3721
262.50 396.50 480.46 285.45 0.3004
268.50 396.50 486.48 284.54 0.2518
316.50 396.50 537.53 277.50 0.3242
330.50 401.50 546.50 281.51 0.3355
333.50 403.50 549.44 282.52 0.2100
341.50 403.50 557.55 283.48 0.5451
349.50 397.50 565.47 276.47 0.3431
539.50 396.50 513.50 292.52 0.3010
541.50 403.50 517.50 299.49 0.3943
677.50 401.50 845.48 264.51 0.2157
690.50 400.50 859.52 264.54 0.3656
698.50 402.50 866.52 263.47 0.2972
701.50 396.50 869.47 256.51 0.4026
718.50 403.50 879.48 255.52 0.3818
1387.50 399.50 1106.48 351.52 0.2531
29.50 410.50 208.39 339.56 0.2663
107.50 409.50 265.53 316.62 0.3740
211.50 404.50 441.48 301.50 0.2113
221.50 411.50 445.54 304.48 0.5160
234.50 407.50 458.55 300.50 0.2541
266.50 410.50 482.45 299.51 0.3609
268.50 404.50 488.57 292.56 0.2438
276.50 404.50 493.55 292.53 0.3192
293.50 411.50 406.56 320.46 0.2137
341.50 405.50 557.57 284.61 0.3514
389.50 404.50 581.47 285.52 0.8288
397.50 404.50 589.42 284.56 0.4756
578.50 406.50 695.48 277.45 0.4892
602.50 410.50 714.47 271.50 0.2442
717.50 404.50 885.48 270.50 0.2542
724.50 409.50 885.57 263.58 0.2124
1154.50 409.50 1250.57 376.56 0.2674
1261.50 411.50 1365.46 273.50 0.2358
1331.50 409.50 1364.55 307.49 0.2514
1530.50 409.50 906.55 321.53 0.2518
1624.50 411.50 1304.49 253.50 0.3281
46.50 412.50 227.52 337.51 0.3467
63.50 419.50 238.54 335.47 0.2245
285.50 419.50 389.49 328.47 0.2540
362.50 412.50 474.51 316.59 0.2631
563.50 412.50 678.44 290.51 0.3986
578.50 419.50 698.49 290.50 0.5209
587.50 419.50 703.53 289.49 0.2612
595.50 412.50 1138.57 309.49 0.2565
597.50 414.50 1141.50 312.48 0.2228
661.50 417.50 813.50 282.49 0.2700
707.50 412.50 872.47 282.52 0.2512
717.50 414.50 885.55 277.44 0.6374
1221.50 412.50 341.51 270.47 0.3539
1778.50 419.50 282.51 226.52 0.2167
46.50 426.50 221.42 347.51 0.2766
57.50 424.50 234.62 341.46 0.3207
122.50 427.50 371.46 322.57 0.3007
301.50 427.50 414.51 337.49 0.2337
317.50 420.50 445.52 324.53 0.2660
467.50 420.50 649.55 292.54 0.7023
475.50 427.50 658.50 298.46 0.2980
571.50 421.50 690.49 292.52 0.2878
604.50 427.50 718.50 296.48 0.3088
671.50 420.50 824.50 287.46 0.4305
722.50 423.50 889.45 288.49 0.2978
1178.50 427.50 266.55 288.52 0.3139
1322.50 427.50 1898.51 401.46 0.3994
178.50 428.50 427.53 316.52 0.2141
277.50 435.50 398.49 347.52 0.2091
461.50 432.50 645.54 304.51 0.4572
474.50 433.50 658.52 303.49 0.6882
477.50 435.50 661.51 305.48 0.7258
531.50 433.50 784.51 298.56 0.4732
542.50 429.50 790.46 293.52 0.6450
572.50 435.50 700.51 304.50 0.3562
594.50 435.50 714.51 303.47 0.3081
674.50 429.50 825.47 292.57 0.2172
714.50 432.50 882.53 299.52 0.3545
1148.50 431.50 1438.47 247.50 0.2108
1245.50 428.50 1684.59 438.51 0.3955
1317.50 428.50 1357.47 316.48 0.2541
50.50 443.50 241.51 449.53 0.2202
268.50 441.50 391.49 354.51 0.6384
276.50 443.50 399.49 355.57 0.3709
285.50 442.50 405.47 353.47 0.2781
346.50 443.50 522.50 338.51 0.2953
349.50 441.50 525.51 336.54 0.2269
469.50 443.50 653.50 315.52 0.5276
477.50 443.50 661.50 310.47 0.2573
547.50 437.50 794.47 300.50 0.5496
596.50 436.50 726.53 301.45 0.4031
714.50 436.50 882.54 301.52 0.2760
722.50 439.50 890.52 303.50 0.2511
1427.50 439.50 1623.51 326.46 0.2331
1444.50 438.50 1630.53 312.50 0.2934
251.50 444.50 447.49 340.53 0.3928
258.50 448.50 386.50 361.47 0.3366
266.50 444.50 391.49 356.50 0.4125
282.50 445.50 410.54 356.52 0.2037
325.50 447.50 613.53 319.48 0.2283
341.50 450.50 517.52 344.52 0.3150
349.50 445.50 525.54 340.49 0.2113
370.50 451.50 650.48 309.48 0.3287
547.50 444.50 794.53 309.47 0.4898
585.50 446.50 711.50 312.53 0.4845
634.50 448.50 970.51 431.55 0.2557
722.50 444.50 891.48 308.49 0.2903
727.50 445.50 896.51 319.53 0.3801
1859.50 449.50 1794.47 250.49 0.2138
60.50 457.50 232.45 363.54 0.3598
68.50 456.50 239.54 362.53 0.2800
109.50 453.50 277.51 367.53 0.2455
197.50 458.50 357.54 363.49 0.3248
252.50 455.50 384.49 368.46 0.4457
261.50 452.50 389.53 365.44 0.6270
337.50 452.50 499.48 350.48 0.3308
477.50 456.50 661.52 321.48 0.3454
552.50 452.50 798.53 317.50 0.3956
557.50 456.50 501.50 278.53 0.2606
1331.50 452.50 1183.46 291.56 0.2720
1351.50 452.50 1408.57 398.52 0.2660
109.50 463.50 276.51 377.51 0.4245
123.50 466.50 287.48 377.46 0.7604
138.50 462.50 290.47 335.50 0.4492
146.50 460.50 323.50 365.51 0.2029
149.50 460.50 325.48 365.54 0.3357
163.50 463.50 559.47 315.51 0.2374
267.50 460.50 393.45 372.50 0.4112
275.50 461.50 400.46 372.50 0.2836
286.50 467.50 408.49 373.49 0.3608
355.50 461.50 514.46 349.45 0.2818
371.50 463.50 585.48 400.50 0.2414
418.50 467.50 594.48 347.49 0.2070
581.50 460.50 717.48 335.51 0.7046
595.50 467.50 727.47 335.49 0.5952
597.50 467.50 733.48 335.46 0.7177
621.50 467.50 765.47 335.49 0.2953
728.50 460.50 898.54 330.53 0.2858
914.50 460.50 1017.46 301.55 0.2401
946.50 460.50 882.51 388.50 0.2029
117.50 470.50 284.50 382.51 0.5529
132.50 468.50 310.55 375.52 0.4386
170.50 468.50 338.45 373.45 0.2760
373.50 475.50 597.48 411.47 0.2072
594.50 475.50 730.50 343.50 0.2988
597.50 475.50 732.51 343.48 0.5835
618.50 475.50 762.48 341.47 0.2145
626.50 475.50 770.52 341.48 0.4551
669.50 475.50 821.48 343.48 0.3971
717.50 471.50 885.49 336.54 0.3452
732.50 475.50 900.53 331.50 0.2801
44.50 483.50 223.55 377.31 0.3857
82.50 476.50 250.52 374.56 0.3527
132.50 476.50 311.52 380.47 0.6184
221.50 476.50 357.48 386.50 0.4598
233.50 483.50 371.48 387.47 0.8322
289.50 476.50 418.49 381.53 0.3764
341.50 483.50 509.53 370.52 0.3452
372.50 483.50 536.51 368.52 0.2380
602.50 478.50 738.48 352.46 0.2424
605.50 481.50 741.49 355.47 0.2034
618.50 483.50 770.51 354.51 0.2114
634.50 483.50 779.46 355.48 0.2746
652.50 477.50 806.51 343.50 0.3822
666.50 476.50 826.50 348.50 0.5585
709.50 480.50 885.49 342.48 0.2098
1458.50 476.50 1146.53 382.48 0.4113
1481.50 476.50 1585.53 324.50 0.2154
1845.50 481.50 1316.56 187.53 0.3790
29.50 485.50 213.47 380.49 0.4851
44.50 488.50 225.41 382.52 0.2282
83.50 485.50 250.51 381.46 0.3973
99.50 484.50 265.51 389.53 0.4503
170.50 484.50 714.44 321.54 0.3473
186.50 491.50 346.51 395.55 0.4617
219.50 484.50 359.46 389.51 0.4132
228.50 488.50 367.52 391.46 0.6560
253.50 485.50 381.52 390.51 0.5080
290.50 491.50 418.49 394.53 0.3773
309.50 485.50 485.49 372.47 0.2118
349.50 488.50 517.53 373.52 0.5858
357.50 489.50 525.53 375.49 0.7703
371.50 489.50 537.47 373.49 0.3807
405.50 489.50 605.55 363.47 0.2404
413.50 484.50 613.48 358.50 0.3270
490.50 491.50 770.44 307.53 0.2307
602.50 484.50 738.51 357.44 0.6250
610.50 484.50 747.50 358.52 0.5963
634.50 484.50 778.52 357.46 0.2246
636.50 484.50 781.47 356.54 0.6515
644.50 490.50 800.50 357.50 0.3145
666.50 491.50 818.51 361.53 0.3858
668.50 491.50 821.53 361.52 0.4497
734.50 491.50 903.56 351.47 0.4618
757.50 491.50 917.54 354.54 0.2209
1317.50 491.50 1148.50 290.51 0.2176
1381.50 491.50 1365.55 419.46 0.2173
1458.50 484.50 1147.51 388.52 0.2457
1460.50 484.50 1149.51 389.45 0.2434
42.50 492.50 226.48 388.61 0.3677
82.50 492.50 259.56 382.52 0.4185
98.50 495.50 266.49 400.50 0.3742
101.50 492.50 269.46 398.49 0.2155
125.50 492.50 301.50 400.52 0.3579
133.50 492.50 309.46 399.50 0.3486
186.50 492.50 346.50 397.53 0.4636
189.50 499.50 349.52 403.50 0.4760
212.50 498.50 359.48 403.48 0.4697
245.50 499.50 373.50 402.47 0.4202
253.50 499.50 381.50 402.47 0.2955
261.50 498.50 389.52 402.44 0.4966
280.50 499.50 399.52 403.51 0.2254
290.50 499.50 410.45 403.48 0.5955
299.50 499.50 417.46 403.48 0.4335
338.50 497.50 513.45 384.49 0.2475
354.50 496.50 522.56 382.50 0.2498
357.50 499.50 525.49 385.50 0.7703
371.50 498.50 536.50 384.55 0.6101
373.50 499.50 541.52 386.47 0.3026
610.50 493.50 746.50 364.54 0.2965
619.50 492.50 758.47 367.54 0.3475
634.50 498.50 778.54 371.54 0.2491
642.50 492.50 786.46 365.48 0.4356
646.50 492.50 789.47 364.51 0.2443
674.50 497.50 834.45 363.47 0.6776
693.50 499.50 845.53 367.49 0.2232
725.50 492.50 885.51 318.49 0.2962
757.50 499.50 917.49 361.55 0.2277
90.50 503.50 258.55 392.51 0.2365
133.50 500.50 309.51 406.52 0.7061
141.50 507.50 316.52 408.53 0.4962
164.50 507.50 296.50 347.48 0.3550
179.50 500.50 306.47 342.52 0.2900
181.50 505.50 341.55 407.50 0.2179
189.50 500.50 349.52 404.52 0.6752
245.50 507.50 373.49 409.47 0.7887
252.50 507.50 382.53 409.51 0.3049
285.50 500.50 405.49 404.48 0.4214
299.50 500.50 417.45 404.51 0.3710
357.50 503.50 525.51 388.56 0.2111
365.50 503.50 533.51 388.57 0.2374
437.50 504.50 621.52 378.52 0.2049
514.50 501.50 578.49 407.49 0.4204
610.50 504.50 746.47 379.47 0.2335
627.50 504.50 767.44 379.48 0.2751
629.50 500.50 773.55 374.51 0.2776
642.50 502.50 783.56 375.51 0.2428
652.50 500.50 814.50 367.49 0.3302
660.50 504.50 824.48 369.52 0.7454
674.50 500.50 834.51 365.50 0.5531
687.50 501.50 837.47 367.52 0.2806
1317.50 507.50 1181.49 312.51 0.2275
1386.50 501.50 1370.53 428.58 0.2992
1406.50 501.50 1133.45 438.51 0.2262
1474.50 507.50 1577.48 355.48 0.2169
1764.50 505.50 1055.56 411.52 0.2005
35.50 508.50 18.53 421.56 0.3093
68.50 515.50 248.52 396.55 0.2228
99.50 512.50 271.51 411.51 0.5107
106.50 514.50 282.49 412.52 0.2513
133.50 511.50 309.50 413.52 0.2626
165.50 515.50 324.50 402.50 0.2751
194.50 514.50 353.45 415.51 0.2642
243.50 515.50 377.51 417.52 0.2646
275.50 515.50 400.46 418.55 0.2232
285.50 508.50 405.48 412.45 0.3193
299.50 515.50 418.49 418.46 0.4389
324.50 508.50 485.53 398.52 0.3681
332.50 508.50 494.50 396.55 0.5965
437.50 508.50 621.52 383.49 0.5047
603.50 508.50 743.50 383.51 0.5528
635.50 512.50 778.48 387.49 0.2020
650.50 511.50 794.51 384.51 0.3104
660.50 512.50 822.50 376.50 0.6066
668.50 511.50 832.50 374.49 0.2539
682.50 511.50 842.49 375.51 0.6790
685.50 512.50 844.49 376.46 0.6648
1300.50 508.50 1135.49 468.52 0.4275
1378.50 512.50 1410.52 428.59 0.2616
1419.50 515.50 1146.51 439.46 0.3150
39.50 516.50 20.47 428.53 0.3250
69.50 516.50 244.49 408.50 0.3478
95.50 516.50 268.56 416.53 0.3519
146.50 521.50 320.51 419.49 0.2532
163.50 516.50 324.54 412.53 0.2577
274.50 523.50 394.48 427.54 0.3904
276.50 519.50 399.53 422.53 0.2822
333.50 516.50 493.51 405.50 0.2356
346.50 523.50 498.51 418.51 0.2189
598.50 516.50 740.53 390.51 0.4162
605.50 518.50 749.50 391.51 0.2157
627.50 516.50 769.47 391.51 0.4471
635.50 520.50 778.46 395.51 0.5794
637.50 520.50 780.52 395.52 0.2893
650.50 516.50 794.51 389.50 0.4148
658.50 518.50 810.50 391.52 0.2872
666.50 518.50 826.51 383.47 0.5173
669.50 519.50 829.49 383.48 0.4436
779.50 518.50 986.63 342.51 0.3630
917.50 523.50 1173.43 434.50 0.2095
1292.50 516.50 1128.51 476.57 0.4145
1337.50 523.50 1163.53 473.56 0.2461
64.50 531.50 244.55 415.50 0.3638
85.50 529.50 261.48 426.54 0.2648
98.50 528.50 274.46 424.51 0.5864
160.50 528.50 329.49 427.55 0.2516
269.50 528.50 389.51 433.48 0.4418
298.50 524.50 426.50 423.52 0.2357
321.50 531.50 442.49 426.46 0.2146
325.50 531.50 445.49 425.49 0.3705
370.50 525.50 498.48 421.51 0.4359
386.50 531.50 506.52 427.42 0.2132
405.50 531.50 517.49 427.47 0.2972
627.50 524.50 770.48 399.52 0.4500
629.50 525.50 773.50 400.48 0.7535
683.50 529.50 842.50 395.45 0.2442
685.50 529.50 844.54 394.49 0.3666
722.50 524.50 882.55 404.52 0.4392
1285.50 524.50 1125.51 484.52 0.2301
1301.50 531.50 1133.51 491.49 0.3045
1322.50 528.50 1146.53 487.48 0.2378
1818.50 530.50 1786.54 235.49 0.2335
64.50 532.50 251.53 421.50 0.2593
74.50 537.50 258.47 426.49 0.6016
93.50 535.50 269.50 431.50 0.4283
117.50 532.50 309.46 430.50 0.3246
125.50 532.50 317.48 428.49 0.4702
137.50 535.50 330.51 429.46 0.5699
309.50 539.50 437.48 433.51 0.4472
323.50 538.50 447.48 431.49 0.3050
331.50 539.50 456.52 434.49 0.2776
346.50 539.50 466.49 432.52 0.4189
362.50 535.50 490.50 431.49 0.3089
364.50 538.50 493.50 433.51 0.4452
386.50 536.50 506.50 431.43 0.5417
394.50 539.50 514.54 433.52 0.7182
611.50 533.50 754.48 404.50 0.2943
619.50 534.50 761.50 404.53 0.4777
634.50 532.50 778.46 407.47 0.5286
674.50 532.50 831.49 397.50 0.6516
677.50 532.50 837.48 399.51 0.7247
685.50 534.50 845.47 399.45 0.6867
1266.50 534.50 1082.52 528.52 0.6294
1356.50 534.50 1205.49 494.50 0.3543
1420.50 532.50 1454.52 464.52 0.2157
1429.50 538.50 1461.47 467.49 0.2960
1437.50 538.50 1469.52 465.46 0.2950
1526.50 539.50 961.46 345.54 0.2686
1757.50 535.50 1773.50 427.50 0.8029
45.50 547.50 237.48 432.47 0.3043
62.50 541.50 244.52 428.53 0.2272
85.50 540.50 269.51 436.50 0.2994
125.50 540.50 317.47 436.46 0.3885
133.50 547.50 325.48 443.46 0.3968
266.50 540.50 386.46 442.52 0.2420
269.50 542.50 389.50 443.51 0.3848
277.50 540.50 397.53 438.50 0.2032
314.50 547.50 442.50 440.51 0.3615
325.50 547.50 453.49 440.51 0.5886
333.50 547.50 461.48 440.46 0.2781
355.50 541.50 488.49 436.52 0.2237
370.50 542.50 498.53 436.55 0.5489
373.50 547.50 501.53 442.48 0.3079
393.50 547.50 515.53 440.52 0.2104
402.50 547.50 522.49 439.53 0.2642
554.50 540.50 739.51 400.46 0.4316
613.50 540.50 757.45 418.53 0.5379
626.50 542.50 770.45 417.49 0.5865
640.50 546.50 783.46 419.52 0.3006
650.50 547.50 795.54 419.49 0.2794
652.50 547.50 821.49 409.53 0.6990
661.50 547.50 829.46 408.51 0.5361
677.50 547.50 837.50 408.50 0.4990
690.50 547.50 850.51 409.49 0.6799
693.50 541.50 853.50 404.47 0.6225
705.50 545.50 863.51 412.50 0.2975
1410.50 547.50 1482.51 409.46 0.2357
1429.50 547.50 1461.51 472.49 0.4524
1485.50 540.50 1645.49 386.52 0.3124
88.50 548.50 268.44 451.54 0.4070
132.50 555.50 325.51 449.50 0.3445
181.50 551.50 333.56 448.48 0.3295
204.50 549.50 350.55 444.53 0.3402
235.50 554.50 370.53 451.50 0.2264
253.50 551.50 381.49 451.54 0.2289
314.50 555.50 442.46 450.50 0.6299
321.50 552.50 451.49 445.47 0.4979
325.50 554.50 461.54 447.53 0.6172
370.50 555.50 498.51 448.51 0.4453
501.50 555.50 797.50 376.51 0.3991
594.50 555.50 787.52 411.49 0.4245
626.50 555.50 771.49 427.53 0.4642
629.50 555.50 773.47 427.54 0.7833
641.50 548.50 784.49 421.49 0.4518
653.50 555.50 822.58 417.46 0.7053
661.50 555.50 829.45 413.52 0.4432
682.50 555.50 842.47 416.49 0.2389
690.50 555.50 850.53 417.50 0.6200
699.50 553.50 857.48 426.51 0.2731
722.50 550.50 883.54 421.54 0.3613
725.50 549.50 885.55 420.56 0.4072
1355.50 553.50 1625.51 556.51 0.3769
204.50 556.50 350.52 459.54 0.3664
213.50 563.50 356.50 459.49 0.4248
253.50 556.50 373.53 462.53 0.2264
267.50 563.50 393.50 452.52 0.2597
269.50 563.50 389.50 465.50 0.4445
283.50 563.50 399.48 466.49 0.4215
293.50 556.50 413.50 455.52 0.2070
314.50 560.50 450.49 452.49 0.2743
333.50 561.50 472.48 450.49 0.2895
340.50 556.50 477.50 445.46 0.3647
394.50 556.50 515.49 446.51 0.5759
402.50 556.50 523.49 447.49 0.6606
410.50 556.50 530.49 448.50 0.3997
413.50 556.50 532.52 447.50 0.2832
421.50 556.50 541.53 446.54 0.2274
442.50 560.50 570.47 447.47 0.4247
614.50 557.50 805.52 412.56 0.3072
620.50 560.50 816.53 413.46 0.3967
634.50 563.50 778.55 434.49 0.7984
636.50 563.50 780.51 434.48 0.6981
657.50 560.50 826.53 421.48 0.4834
660.50 561.50 829.50 420.53 0.6739
672.50 562.50 836.53 424.51 0.7578
690.50 560.50 851.54 421.52 0.4634
90.50 571.50 274.51 460.48 0.3553
99.50 564.50 282.53 461.48 0.3420
196.50 565.50 341.55 464.51 0.3016
210.50 567.50 354.52 462.50 0.7278
213.50 569.50 357.51 464.53 0.5260
253.50 564.50 384.51 461.48 0.3044
283.50 566.50 400.49 468.53 0.3289
291.50 571.50 408.49 471.50 0.2004
292.50 564.50 413.50 462.57 0.5962
300.50 566.50 421.54 460.55 0.5883
315.50 570.50 433.48 467.51 0.2579
317.50 566.50 461.50 455.47 0.2754
332.50 564.50 472.49 452.57 0.2339
340.50 564.50 479.50 452.53 0.4592
348.50 564.50 486.50 452.49 0.3358
357.50 564.50 493.49 452.48 0.4209
372.50 564.50 504.46 455.52 0.2929
387.50 564.50 513.51 455.51 0.2578
396.50 564.50 518.51 455.51 0.3636
410.50 564.50 530.44 456.51 0.2918
413.50 564.50 533.46 456.49 0.3995
429.50 564.50 549.53 455.51 0.2014
436.50 568.50 567.53 455.48 0.5602
634.50 565.50 779.54 436.58 0.3455
637.50 566.50 781.51 436.58 0.4935
660.50 571.50 829.56 430.50 0.7894
674.50 564.50 842.54 432.48 0.3535
690.50 571.50 850.54 431.50 0.3429
706.50 568.50 874.52 433.49 0.2944
709.50 567.50 877.47 432.44 0.2909
717.50 567.50 885.52 433.50 0.3508
1019.50 564.50 1011.47 438.44 0.3258
1379.50 568.50 1648.50 568.48 0.2957
98.50 574.50 282.51 472.50 0.2614
162.50 572.50 314.53 470.51 0.2260
188.50 576.50 334.49 471.50 0.5685
196.50 573.50 341.55 470.51 0.3192
208.50 572.50 355.49 470.50 0.4119
213.50 572.50 360.49 470.48 0.5880
224.50 579.50 371.47 474.48 0.6494
252.50 572.50 382.52 472.52 0.3795
266.50 579.50 394.49 468.46 0.5986
290.50 575.50 418.47 470.52 0.2102
300.50 572.50 423.53 468.55 0.3378
316.50 573.50 463.49 460.53 0.5112
344.50 572.50 476.56 461.48 0.6471
353.50 579.50 490.50 467.50 0.7169
362.50 574.50 498.49 461.46 0.7717
365.50 572.50 500.47 460.50 0.3741
413.50 572.50 533.50 462.50 0.2031
435.50 577.50 550.48 460.56 0.4481
698.50 578.50 867.51 439.51 0.6719
701.50 579.50 869.55 440.51 0.5899
709.50 572.50 877.51 436.52 0.3608
717.50 572.50 885.52 436.54 0.3092
730.50 579.50 898.50 440.53 0.2887
805.50 576.50 957.53 439.50 0.3235
1005.50 579.50 996.48 444.49 0.2424
1013.50 579.50 1005.47 449.46 0.6242
1021.50 572.50 1013.46 444.57 0.2843
1381.50 577.50 1653.55 576.51 0.6405
1461.50 579.50 1648.57 402.54 0.2727
103.50 581.50 299.52 470.48 0.3366
188.50 581.50 333.50 476.50 0.2930
202.50 587.50 346.50 483.51 0.6652
205.50 583.50 349.52 480.48 0.2141
213.50 580.50 357.50 478.50 0.3938
234.50 581.50 370.51 479.52 0.4645
250.50 580.50 377.46 480.50 0.5229
258.50 586.50 386.51 483.51 0.8720
265.50 587.50 395.53 483.49 0.8049
268.50 587.50 397.52 483.49 0.4187
282.50 587.50 410.51 482.49 0.4504
301.50 583.50 421.55 482.52 0.2566
309.50 580.50 429.48 477.54 0.3050
322.50 581.50 466.48 468.56 0.4821
426.50 580.50 547.47 473.48 0.3164
429.50 585.50 549.48 475.48 0.8979
618.50 582.50 1002.51 541.49 0.2080
634.50 580.50 779.51 447.48 0.2869
646.50 581.50 796.52 455.50 0.4164
706.50 587.50 875.49 448.46 0.3024
709.50 585.50 877.51 446.46 0.3787
723.50 586.50 888.50 451.52 0.3150
1005.50 587.50 997.51 459.50 0.2719
1013.50 587.50 1005.51 455.48 0.3951
1027.50 580.50 1015.50 459.51 0.5319
1156.50 587.50 1623.45 554.51 0.2469
1389.50 580.50 1653.49 581.51 0.2592
1469.50 580.50 1653.51 399.47 0.2126
169.50 590.50 314.51 487.52 0.3143
194.50 589.50 338.51 484.52 0.3758
213.50 588.50 349.53 486.48 0.2435
235.50 591.50 367.47 488.48 0.2251
245.50 588.50 373.48 485.53 0.8381
253.50 588.50 381.49 486.51 0.9275
261.50 588.50 389.48 484.45 0.9150
272.50 595.50 402.51 490.47 0.8625
276.50 595.50 405.49 490.50 0.5859
301.50 588.50 421.54 486.49 0.3799
322.50 588.50 458.49 477.50 0.2849
330.50 588.50 466.49 477.53 0.3402
333.50 595.50 469.49 481.51 0.3611
414.50 595.50 540.46 481.48 0.2551
429.50 592.50 549.49 480.51 0.7257
642.50 588.50 787.56 453.50 0.2236
651.50 588.50 801.50 460.54 0.6091
685.50 595.50 853.47 467.50 0.4857
717.50 595.50 885.45 457.46 0.2530
1004.50 590.50 997.49 463.50 0.3715
1035.50 591.50 1026.51 454.47 0.2626
1258.50 595.50 1170.52 440.48 0.2472
1726.50 591.50 1848.52 500.51 0.2841
192.50 598.50 335.51 493.50 0.5056
213.50 596.50 349.47 492.48 0.3977
226.50 602.50 359.50 499.50 0.2515
231.50 603.50 364.54 499.49 0.3560
243.50 603.50 378.42 498.53 0.4120
252.50 596.50 382.50 492.46 0.5493
261.50 596.50 389.46 492.52 0.5273
276.50 598.50 405.49 492.54 0.4954
285.50 596.50 428.48 485.48 0.3923
298.50 596.50 442.47 484.50 0.3017
322.50 596.50 458.51 484.50 0.2683
325.50 600.50 461.47 487.50 0.2334
434.50 603.50 554.52 490.47 0.4947
443.50 596.50 560.46 482.47 0.4708
508.50 596.50 743.55 436.57 0.4908
603.50 600.50 815.47 441.56 0.2098
699.50 599.50 865.50 464.46 0.5481
714.50 599.50 874.48 464.50 0.6071
1010.50 596.50 1003.51 468.55 0.2587
1018.50 596.50 1010.48 460.49 0.2722
1026.50 603.50 1018.49 460.50 0.4322
1029.50 603.50 1021.51 460.49 0.3695
227.50 604.50 360.52 500.55 0.2990
242.50 611.50 378.50 506.50 0.5195
251.50 607.50 386.49 501.49 0.5690
258.50 609.50 394.50 503.48 0.3946
298.50 607.50 442.46 493.51 0.7134
429.50 605.50 549.51 492.51 0.4216
444.50 611.50 565.52 496.50 0.2456
690.50 604.50 858.44 472.53 0.3833
693.50 605.50 861.46 473.50 0.2578
989.50 604.50 989.50 470.49 0.5541
1018.50 611.50 1010.51 473.48 0.4332
1021.50 609.50 1013.50 472.46 0.2421
194.50 612.50 346.50 502.48 0.3461
224.50 612.50 364.55 507.49 0.4183
261.50 616.50 397.51 507.47 0.5700
274.50 612.50 410.49 502.52 0.5065
313.50 612.50 455.46 497.51 0.2938
320.50 612.50 460.50 496.52 0.4220
474.50 619.50 698.50 460.50 0.2516
498.50 615.50 738.46 453.51 0.2165
620.50 617.50 997.53 560.51 0.2367
660.50 612.50 957.54 532.58 0.2009
772.50 619.50 1653.54 456.50 0.2196
994.50 619.50 994.50 483.49 0.2863
1005.50 612.50 997.48 478.53 0.3419
1012.50 619.50 1007.49 479.46 0.2969
1050.50 615.50 1050.50 486.50 0.2819
1381.50 616.50 1221.52 592.51 0.3852
1404.50 615.50 1512.50 155.52 0.2217
66.50 627.50 250.54 508.52 0.2692
117.50 620.50 269.47 517.50 0.2293
165.50 620.50 301.48 518.51 0.3389
186.50 623.50 338.52 514.48 0.5485
194.50 620.50 347.51 511.52 0.7390
196.50 620.50 350.51 510.55 0.6598
204.50 620.50 361.52 508.53 0.2512
227.50 620.50 369.54 514.48 0.3708
241.50 627.50 379.48 515.46 0.6588
245.50 627.50 382.48 514.48 0.7701
252.50 627.50 390.47 514.50 0.4541
266.50 620.50 402.50 510.49 0.2755
268.50 620.50 407.51 509.49 0.3348
277.50 620.50 413.48 508.53 0.2190
301.50 620.50 445.50 503.51 0.5493
309.50 620.50 452.49 502.53 0.6173
321.50 623.50 467.53 500.59 0.2274
386.50 627.50 627.50 472.51 0.4125
634.50 627.50 930.54 543.54 0.2068
658.50 620.50 954.55 540.55 0.2416
661.50 622.50 813.53 487.54 0.2405
716.50 620.50 1629.50 460.50 0.3437
1027.50 623.50 1025.52 486.50 0.2021
1030.50 622.50 1028.51 486.48 0.3114
1594.50 620.50 1746.50 572.54 0.2208
17.50 635.50 168.50 539.52 0.2353
90.50 629.50 226.54 532.53 0.2324
92.50 634.50 463.50 379.49 0.2511
186.50 634.50 338.54 523.49 0.3431
194.50 628.50 346.52 517.53 0.6461
197.50 628.50 349.50 517.51 0.7269
205.50 635.50 357.46 523.47 0.8609
221.50 632.50 367.49 519.48 0.4651
235.50 632.50 376.45 519.40 0.4357
1379.50 628.50 1193.56 589.55 0.2246
1394.50 635.50 1251.50 602.47 0.3907
1397.50 628.50 1253.50 597.52 0.3382
1547.50 635.50 1578.48 535.52 0.2462
34.50 643.50 234.48 531.52 0.2232
90.50 642.50 458.52 386.53 0.2322
161.50 643.50 311.53 522.49 0.3136
189.50 636.50 341.49 524.47 0.3865
202.50 643.50 354.47 530.46 0.8867
205.50 638.50 357.46 525.49 0.8035
213.50 640.50 365.51 525.47 0.2028
261.50 639.50 405.50 521.51 0.2493
274.50 636.50 419.51 520.51 0.3097
291.50 638.50 442.47 524.49 0.2408
314.50 636.50 458.52 509.52 0.2473
378.50 636.50 618.50 477.50 0.2552
381.50 638.50 621.50 479.53 0.4242
418.50 636.50 642.50 486.51 0.2072
426.50 636.50 650.54 484.54 0.4219
621.50 640.50 1013.43 569.51 0.5837
667.50 638.50 962.47 551.47 0.2498
882.50 643.50 1010.48 513.51 0.3941
1381.50 641.50 1237.45 614.48 0.3436
1511.50 638.50 1709.49 497.54 0.2480
22.50 644.50 167.49 548.49 0.2523
194.50 650.50 346.50 535.49 0.3976
197.50 651.50 349.51 537.47 0.6656
211.50 651.50 360.50 537.51 0.4237
259.50 644.50 402.49 524.50 0.5376
261.50 649.50 405.52 528.50 0.4215
269.50 651.50 413.52 530.46 0.2212
276.50 644.50 422.53 527.52 0.2121
402.50 644.50 762.51 439.52 0.3727
578.50 649.50 994.52 583.52 0.2744
678.50 647.50 844.54 521.47 0.6306
698.50 644.50 873.52 508.52 0.2679
954.50 651.50 1010.51 521.52 0.2693
1490.50 644.50 970.49 445.53 0.2363
58.50 653.50 210.52 551.51 0.8799
61.50 652.50 213.51 549.51 0.6785
149.50 654.50 293.50 542.52 0.3358
157.50 652.50 301.51 540.52 0.2214
221.50 657.50 373.48 535.47 0.5534
229.50 652.50 381.47 536.53 0.6436
236.50 656.50 389.52 539.51 0.2387
258.50 658.50 402.52 536.49 0.2629
261.50 653.50 405.54 532.46 0.3574
730.50 653.50 898.50 516.54 0.2033
1387.50 659.50 1250.51 643.45 0.2322
1469.50 653.50 957.51 454.55 0.2709
1522.50 652.50 1258.49 443.53 0.3430
42.50 667.50 194.47 563.52 0.5155
50.50 666.50 202.52 563.52 0.3062
59.50 660.50 210.51 556.54 0.6741
61.50 660.50 213.50 556.54 0.4509
141.50 664.50 309.52 528.49 0.2103
221.50 660.50 373.51 543.54 0.2359
266.50 662.50 411.52 540.50 0.2899
314.50 664.50 578.48 496.51 0.3767
317.50 664.50 581.47 497.50 0.6606
330.50 666.50 594.50 499.50 0.2276
333.50 660.50 509.47 526.50 0.2446
341.50 660.50 517.51 525.49 0.2693
362.50 660.50 619.57 492.53 0.2338
692.50 667.50 853.53 519.51 0.2545
709.50 667.50 870.51 531.50 0.3021
773.50 660.50 901.49 527.51 0.4095
1077.50 665.50 1861.51 537.50 0.2981
1387.50 665.50 1250.50 651.53 0.6153
1394.50 661.50 1258.51 644.53 0.9606
1396.50 665.50 1261.48 648.51 0.3490
61.50 675.50 229.49 562.51 0.2203
154.50 675.50 322.52 537.51 0.2225
202.50 670.50 370.50 554.50 0.2757
226.50 674.50 385.48 555.47 0.2391
237.50 674.50 397.48 550.53 0.4606
253.50 668.50 413.48 549.53 0.3148
261.50 675.50 421.51 552.51 0.2587
314.50 668.50 578.52 500.55 0.4805
317.50 668.50 581.51 500.53 0.6648
330.50 668.50 594.52 502.50 0.7198
333.50 668.50 597.53 501.51 0.2947
349.50 668.50 605.52 502.54 0.3054
667.50 668.50 954.42 556.54 0.2145
738.50 673.50 898.50 531.50 0.3413
991.50 675.50 1043.50 544.54 0.2643
1002.50 675.50 1050.51 544.51 0.2281
1386.50 669.50 1250.51 655.51 0.7634
1389.50 668.50 1253.47 654.51 0.7912
1770.50 675.50 1098.51 499.54 0.3243
13.50 678.50 181.50 572.51 0.2127
37.50 676.50 205.52 567.54 0.2813
45.50 676.50 213.50 566.49 0.6596
58.50 683.50 226.53 570.50 0.8485
66.50 683.50 234.46 569.49 0.4149
75.50 681.50 241.48 565.51 0.2389
100.50 683.50 280.53 554.51 0.5278
132.50 676.50 302.54 556.51 0.2150
147.50 681.50 313.49 559.50 0.2098
226.50 680.50 386.49 560.50 0.3885
229.50 680.50 389.50 560.48 0.2613
253.50 677.50 413.54 556.54 0.2053
308.50 676.50 575.50 508.51 0.4726
322.50 677.50 586.52 512.53 0.6357
325.50 680.50 589.50 515.50 0.5248
338.50 677.50 602.52 510.53 0.6094
354.50 682.50 722.45 474.51 0.2829
365.50 683.50 733.48 474.50 0.3968
405.50 676.50 541.54 551.50 0.4456
429.50 676.50 568.51 550.51 0.2370
666.50 682.50 826.51 528.52 0.5386
674.50 680.50 834.45 527.54 0.3055
677.50 683.50 829.48 515.50 0.2590
706.50 676.50 890.52 541.50 0.2506
710.50 676.50 893.49 541.49 0.2581
716.50 680.50 888.54 536.53 0.5607
765.50 683.50 901.53 538.53 0.2611
980.50 683.50 1040.51 553.52 0.4777
1004.50 683.50 1053.49 563.46 0.2261
1066.50 683.50 1290.50 531.47 0.3163
1437.50 679.50 1517.50 600.50 0.2062
1746.50 677.50 1090.51 501.56 0.3018
43.50 691.50 214.47 578.54 0.3304
57.50 691.50 227.55 577.49 0.6127
100.50 685.50 280.55 556.55 0.2969
180.50 685.50 358.49 560.50 0.2924
306.50 685.50 458.51 558.50 0.4641
309.50 691.50 573.52 522.50 0.5002
317.50 691.50 581.50 519.49 0.5426
362.50 687.50 730.51 476.54 0.6954
365.50 687.50 733.50 476.52 0.3888
408.50 688.50 540.54 563.53 0.2581
644.50 691.50 830.51 547.46 0.2061
770.50 685.50 1602.50 508.57 0.2049
1085.50 691.50 1069.55 603.50 0.2367
1637.50 684.50 1388.52 500.50 0.2689
148.50 692.50 320.52 567.50 0.5724
165.50 699.50 341.52 564.52 0.2979
205.50 699.50 373.46 570.49 0.2009
238.50 699.50 493.51 536.49 0.3679
306.50 692.50 458.52 564.50 0.2361
308.50 699.50 575.53 529.47 0.3037
317.50 693.50 581.50 531.50 0.2075
419.50 692.50 560.50 566.50 0.3455
429.50 692.50 565.53 569.52 0.2513
490.50 694.50 674.51 550.51 0.2300
954.50 697.50 1362.52 695.50 0.2617
21.50 700.50 189.47 590.47 0.7295
125.50 707.50 293.50 585.48 0.2179
138.50 706.50 306.51 576.48 0.3450
148.50 700.50 329.50 579.49 0.2120
158.50 707.50 332.51 577.50 0.2416
290.50 703.50 554.50 532.49 0.6167
306.50 704.50 571.52 525.49 0.2729
323.50 706.50 586.47 535.49 0.5245
330.50 707.50 594.52 526.50 0.3341
533.50 703.50 613.49 592.48 0.4497
546.50 704.50 626.53 591.51 0.2558
587.50 705.50 770.54 520.53 0.2335
626.50 700.50 818.51 556.52 0.4405
634.50 701.50 826.44 556.56 0.3972
766.50 702.50 900.50 542.49 0.2961
13.50 708.50 191.47 598.46 0.5333
43.50 713.50 224.51 593.49 0.2616
110.50 710.50 268.50 596.51 0.2812
130.50 715.50 314.48 581.49 0.2280
155.50 714.50 329.49 584.53 0.3405
189.50 715.50 341.50 592.51 0.2543
202.50 715.50 354.51 591.49 0.5038
301.50 714.50 565.57 544.48 0.2201
308.50 712.50 574.51 540.48 0.4478
322.50 715.50 586.56 545.51 0.3262
325.50 715.50 589.55 545.48 0.3631
341.50 712.50 605.49 555.53 0.2144
626.50 708.50 826.49 566.50 0.2204
680.50 712.50 1035.48 607.53 0.2140
1130.50 715.50 130.51 521.52 0.3122
18.50 717.50 194.48 609.49 0.4794
130.50 719.50 298.52 589.45 0.4426
173.50 716.50 317.50 596.51 0.2354
235.50 721.50 545.51 594.48 0.2920
317.50 716.50 580.50 561.48 0.2451
477.50 720.50 653.49 578.50 0.2992
538.50 716.50 618.50 597.48 0.2842
547.50 718.50 626.45 603.50 0.2041
645.50 716.50 837.51 573.51 0.2498
677.50 723.50 845.49 577.45 0.2784
684.50 716.50 854.52 572.57 0.2942
748.50 723.50 879.50 562.45 0.2467
813.50 720.50 941.47 588.49 0.2663
891.50 716.50 1017.48 589.54 0.2744
42.50 725.50 226.53 606.50 0.3413
234.50 724.50 545.48 596.53 0.3178
242.50 728.50 554.51 601.52 0.3402
306.50 731.50 578.54 561.50 0.2392
685.50 729.50 853.49 586.49 0.4396
772.50 724.50 912.52 590.49 0.2873
786.50 725.50 922.47 591.56 0.8995
789.50 728.50 925.48 593.52 0.8031
805.50 725.50 933.49 591.49 0.5622
1157.50 731.50 1116.49 689.50 0.2229
1195.50 731.50 1138.51 682.52 0.2034
1829.50 731.50 1541.50 675.50 0.3074
266.50 732.50 514.49 567.50 0.2073
386.50 732.50 498.52 612.51 0.2089
429.50 739.50 557.49 610.50 0.3757
522.50 737.50 730.50 575.51 0.3091
539.50 739.50 617.48 619.53 0.5685
547.50 739.50 624.43 619.49 0.2501
613.50 732.50 797.49 580.52 0.5441
642.50 739.50 834.50 587.51 0.7025
763.50 734.50 896.47 597.47 0.2494
770.50 737.50 906.51 601.49 0.5475
773.50 732.50 909.49 599.50 0.6506
786.50 732.50 922.50 598.49 0.4799
794.50 737.50 930.47 599.50 0.8268
810.50 732.50 939.53 597.45 0.2131
813.50 732.50 941.50 597.49 0.8342
1429.50 738.50 1381.47 731.51 0.2291
1537.50 732.50 1282.53 511.50 0.2230
101.50 740.50 285.52 604.49 0.2586
205.50 747.50 461.51 584.51 0.3794
645.50 740.50 821.50 592.52 0.2307
666.50 747.50 850.49 595.50 0.4274
669.50 740.50 853.48 589.49 0.5226
690.50 741.50 866.49 595.49 0.2878
722.50 747.50 866.48 611.51 0.5689
725.50 743.50 869.47 607.48 0.4323
741.50 744.50 885.48 609.49 0.4265
754.50 740.50 898.49 607.51 0.8396
757.50 740.50 901.50 607.52 0.6530
765.50 742.50 909.51 604.48 0.4369
781.50 744.50 917.51 610.50 0.7775
795.50 747.50 927.50 611.51 0.4918
805.50 747.50 933.51 611.51 0.4554
813.50 744.50 941.53 609.52 0.7756
1122.50 742.50 1314.52 561.52 0.2713
1194.50 746.50 1146.50 695.50 0.3215
1259.50 741.50 1204.50 710.55 0.2655
186.50 755.50 435.53 601.48 0.2948
205.50 753.50 461.49 591.48 0.5374
314.50 748.50 778.49 613.56 0.2513
597.50 752.50 917.55 463.49 0.2541
626.50 748.50 810.51 597.51 0.4793
629.50 748.50 812.50 597.50 0.2281
637.50 748.50 821.49 597.50 0.2891
658.50 750.50 826.51 607.52 0.2472
660.50 748.50 840.51 598.51 0.3017
674.50 755.50 850.51 603.49 0.2518
682.50 753.50 858.47 603.47 0.2864
685.50 752.50 861.48 603.46 0.6496
714.50 749.50 858.50 613.50 0.3128
717.50 748.50 861.51 612.51 0.5040
730.50 755.50 883.51 618.50 0.3833
738.50 755.50 890.50 618.47 0.8516
749.50 755.50 893.46 617.48 0.5104
757.50 748.50 901.52 615.51 0.6943
765.50 748.50 909.49 615.48 0.8010
786.50 748.50 921.50 613.50 0.6200
795.50 748.50 927.48 612.54 0.4897
805.50 751.50 933.50 613.51 0.5840
813.50 751.50 941.47 614.52 0.5638
827.50 753.50 953.49 616.48 0.3361
1114.50 755.50 1306.48 585.49 0.3730
1259.50 755.50 1218.52 723.54 0.2542
165.50 756.50 421.48 596.49 0.2578
301.50 757.50 429.49 624.49 0.2804
314.50 756.50 450.53 622.50 0.2249
339.50 761.50 457.51 635.51 0.2803
637.50 756.50 813.51 606.52 0.3340
666.50 763.50 842.49 607.50 0.2080
674.50 759.50 850.53 606.50 0.4118
677.50 760.50 853.51 608.51 0.3847
706.50 763.50 849.49 627.48 0.6189
709.50 763.50 853.54 626.53 0.6847
717.50 757.50 861.50 620.51 0.2261
730.50 763.50 882.50 624.49 0.2531
733.50 760.50 885.52 621.50 0.2877
749.50 763.50 893.51 626.51 0.4036
764.50 759.50 910.48 623.49 0.2846
773.50 762.50 917.47 624.51 0.2388
821.50 756.50 949.51 625.50 0.2205
850.50 756.50 962.52 615.52 0.2782
1258.50 761.50 1218.53 731.52 0.3001
1266.50 756.50 1226.50 724.52 0.4076
1757.50 756.50 1885.47 605.49 0.2350
1896.50 762.50 1820.44 535.49 0.4392
274.50 764.50 410.53 636.54 0.3930
282.50 765.50 419.51 638.52 0.3824
347.50 765.50 464.52 636.53 0.3891
381.50 770.50 509.52 635.50 0.2467
389.50 771.50 517.45 635.47 0.4271
562.50 771.50 715.51 627.54 0.3545
573.50 764.50 733.50 620.50 0.3669
586.50 771.50 746.52 627.49 0.3104
594.50 771.50 754.51 627.49 0.2187
621.50 771.50 789.51 619.47 0.2048
634.50 764.50 802.49 616.52 0.3567
693.50 765.50 837.48 628.48 0.4036
701.50 771.50 845.51 633.49 0.7495
709.50 765.50 853.53 628.55 0.3371
734.50 765.50 868.51 631.50 0.2322
1194.50 765.50 1411.55 510.52 0.2077
1229.50 764.50 1188.51 718.49 0.2973
1237.50 766.50 1197.51 717.49 0.2624
1602.50 764.50 1336.49 669.50 0.3423
221.50 772.50 389.50 638.50 0.2654
258.50 774.50 394.48 647.53 0.3248
282.50 772.50 419.51 644.50 0.2300
365.50 777.50 493.50 643.54 0.3640
386.50 772.50 514.49 636.49 0.5379
389.50 772.50 517.48 636.46 0.5623
442.50 779.50 1058.46 682.48 0.5320
450.50 779.50 1066.49 681.51 0.4122
557.50 772.50 709.50 629.49 0.4033
580.50 778.50 727.50 635.50 0.2134
589.50 773.50 741.51 631.49 0.3574
629.50 775.50 805.51 616.47 0.2261
669.50 779.50 813.53 637.50 0.2391
699.50 774.50 838.50 640.51 0.2360
714.50 776.50 849.44 640.47 0.5275
901.50 772.50 1021.49 666.49 0.3161
1386.50 772.50 1818.51 590.52 0.4510
1450.50 775.50 1586.49 756.53 0.2120
1458.50 779.50 1594.49 762.49 0.2438
1546.50 775.50 1283.52 646.51 0.3255
1810.50 775.50 1594.53 591.49 0.2007
100.50 781.50 583.50 733.51 0.2075
205.50 780.50 365.50 652.51 0.2997
283.50 781.50 406.50 652.51 0.3271
299.50 787.50 426.53 651.51 0.2019
371.50 781.50 497.51 645.51 0.3327
379.50 784.50 505.48 646.49 0.3104
386.50 780.50 514.52 644.52 0.3552
490.50 784.50 658.50 635.49 0.2135
499.50 785.50 665.50 635.51 0.3830
502.50 785.50 668.53 635.49 0.4385
514.50 787.50 682.51 635.52 0.2607
533.50 783.50 685.50 638.50 0.2585
564.50 780.50 710.50 637.49 0.7245
572.50 780.50 719.50 638.49 0.2424
581.50 780.50 733.50 637.50 0.6986
589.50 780.50 741.51 636.50 0.4230
610.50 786.50 770.50 641.48 0.4508
613.50 786.50 773.50 639.50 0.2716
621.50 781.50 780.48 638.51 0.5597
664.50 781.50 807.50 647.50 0.3196
699.50 781.50 840.51 647.49 0.2842
715.50 787.50 850.48 651.50 0.4904
722.50 787.50 858.48 647.50 0.4469
778.50 787.50 891.51 658.51 0.4371
786.50 787.50 906.48 656.49 0.3486
1381.50 783.50 1813.49 599.51 0.2180
1674.50 785.50 1778.51 767.48 0.3836
130.50 795.50 418.50 608.53 0.2611
284.50 792.50 424.51 656.50 0.2633
493.50 788.50 660.50 639.50 0.2511
501.50 788.50 668.51 637.50 0.3284
562.50 788.50 706.48 644.50 0.2499
565.50 788.50 709.50 644.49 0.3731
581.50 795.50 733.48 651.48 0.8898
595.50 792.50 754.47 646.51 0.3856
714.50 794.50 850.54 659.52 0.8923
718.50 792.50 853.50 657.52 0.8726
906.50 795.50 946.49 633.49 0.2178
58.50 803.50 362.49 627.49 0.3151
97.50 797.50 386.53 623.48 0.2553
101.50 797.50 389.53 623.49 0.2434
138.50 803.50 419.52 619.51 0.2425
501.50 796.50 661.50 647.49 0.2168
517.50 796.50 685.49 645.49 0.3538
562.50 803.50 706.49 659.52 0.2220
578.50 801.50 722.50 659.49 0.2193
586.50 803.50 738.50 658.48 0.4281
597.50 796.50 756.50 645.50 0.4075
674.50 803.50 810.49 667.48 0.5024
685.50 800.50 821.52 666.50 0.6607
697.50 796.50 835.50 660.50 0.4959
701.50 803.50 837.50 667.50 0.5129
714.50 801.50 850.51 665.50 0.7193
717.50 798.50 853.52 663.48 0.7391
730.50 803.50 866.49 666.47 0.4762
746.50 803.50 874.49 667.50 0.2103
797.50 797.50 909.49 669.49 0.3918
892.50 803.50 933.49 643.48 0.2835
1490.50 800.50 1602.50 771.46 0.4994
1741.50 803.50 1868.53 723.49 0.3327
48.50 811.50 355.48 634.49 0.3361
58.50 805.50 362.50 628.52 0.2285
389.50 805.50 518.49 679.49 0.2555
589.50 811.50 741.50 667.50 0.5170
610.50 809.50 770.49 657.49 0.2369
685.50 808.50 821.47 673.49 0.6189
698.50 806.50 834.49 669.50 0.7860
700.50 805.50 837.51 669.51 0.3912
709.50 804.50 845.52 670.51 0.3046
717.50 804.50 853.51 670.48 0.5620
733.50 810.50 861.48 675.49 0.3020
749.50 804.50 869.52 669.52 0.4772
757.50 804.50 877.49 671.50 0.4388
908.50 804.50 949.49 639.52 0.6274
1490.50 804.50 1602.49 774.49 0.3043
1493.50 804.50 1605.51 773.50 0.5819
1723.50 808.50 1882.47 584.51 0.2593
20.50 818.50 325.52 640.48 0.3252
31.50 818.50 336.49 643.50 0.3240
43.50 812.50 340.50 637.51 0.8342
245.50 818.50 396.46 691.46 0.2409
290.50 813.50 426.49 676.49 0.2019
381.50 817.50 501.52 690.53 0.2058
668.50 813.50 808.50 681.49 0.3631
709.50 819.50 837.53 683.51 0.2226
717.50 819.50 853.47 682.48 0.2666
749.50 812.50 869.52 679.50 0.2977
757.50 812.50 877.51 679.51 0.2540
781.50 812.50 893.51 684.50 0.2527
810.50 816.50 922.51 687.49 0.8004
1675.50 812.50 1784.51 806.48 0.2030
29.50 820.50 333.50 644.52 0.3132
38.50 822.50 341.47 644.52 0.3797
245.50 820.50 397.50 693.48 0.7051
643.50 821.50 785.49 696.50 0.2077
674.50 823.50 810.48 687.50 0.2823
693.50 820.50 821.52 688.51 0.2354
707.50 824.50 831.49 690.47 0.5112
714.50 825.50 850.47 688.47 0.2544
746.50 823.50 874.48 687.49 0.3735
749.50 822.50 877.49 687.48 0.3076
1194.50 827.50 1274.49 750.48 0.3287
1675.50 820.50 1784.51 812.52 0.2557
44.50 828.50 341.52 652.50 0.4549
242.50 828.50 394.51 703.52 0.3662
251.50 828.50 402.52 701.52 0.5885
610.50 835.50 763.51 705.48 0.3796
661.50 831.50 797.49 703.50 0.2426
669.50 829.50 797.50 693.52 0.3257
682.50 833.50 810.52 697.50 0.7747
690.50 831.50 818.50 695.54 0.8138
693.50 828.50 821.51 693.52 0.5382
701.50 831.50 829.51 695.51 0.3318
900.50 833.50 928.49 723.51 0.5133
1354.50 834.50 1442.52 779.51 0.2830
227.50 837.50 376.51 721.51 0.2275
229.50 843.50 389.51 722.50 0.2810
413.50 843.50 549.51 683.53 0.5608
610.50 843.50 762.53 713.52 0.5366
642.50 839.50 778.48 702.51 0.2072
658.50 843.50 802.52 712.51 0.2570
693.50 836.50 821.50 700.51 0.5774
890.50 843.50 922.50 731.52 0.3396
1228.50 838.50 1299.51 760.46 0.2591
1346.50 843.50 1434.50 787.51 0.6907
1354.50 843.50 1443.52 786.51 0.9601
37.50 849.50 325.51 665.51 0.3913
450.50 851.50 578.51 690.53 0.7405
605.50 851.50 757.49 723.51 0.6153
676.50 844.50 821.49 712.50 0.2052
1122.50 851.50 1242.50 771.50 0.3151
1341.50 844.50 1428.52 789.51 0.2712
1349.50 844.50 1438.48 788.51 0.2300
1363.50 844.50 1456.50 788.51 0.2072
1674.50 851.50 1722.48 539.48 0.2370
13.50 856.50 301.48 675.49 0.2945
765.50 859.50 1349.50 428.48 0.2226
797.50 859.50 246.50 843.50 0.3399
805.50 858.50 253.52 843.50 0.2629
216.50 861.50 364.52 716.48 0.7005
234.50 866.50 386.50 719.50 0.2615
668.50 864.50 805.49 728.50 0.2175
797.50 861.50 245.49 846.51 0.5336
1203.50 867.50 1481.50 587.48 0.2962
1236.50 865.50 1559.49 883.54 0.2544
1244.50 860.50 1565.55 878.51 0.3032
210.50 875.50 370.47 747.50 0.3228
219.50 875.50 369.47 728.49 0.5292
786.50 875.50 242.47 859.47 0.2833
860.50 873.50 878.52 762.51 0.2702
882.50 872.50 890.52 768.51 0.2951
901.50 874.50 957.47 736.50 0.4108
914.50 871.50 970.52 726.51 0.2158
1259.50 875.50 1305.46 811.52 0.2638
1282.50 868.50 1331.50 812.52 0.5831
1335.50 875.50 92.51 867.51 0.3574
220.50 883.50 384.50 739.52 0.2572
237.50 881.50 389.47 726.49 0.4047
554.50 883.50 1146.51 616.48 0.3294
858.50 876.50 874.50 764.52 0.5629
861.50 876.50 878.52 764.52 0.2733
1197.50 877.50 1284.53 772.50 0.2383
1236.50 878.50 1278.49 825.51 0.5680
1250.50 883.50 1290.51 826.51 0.5123
1258.50 883.50 1298.51 825.52 0.4684
149.50 884.50 309.48 762.51 0.2294
235.50 889.50 394.50 740.55 0.4236
853.50 888.50 869.50 773.49 0.3364
963.50 884.50 977.50 796.50 0.3108
1029.50 885.50 1245.52 798.52 0.2038
1202.50 888.50 1171.48 624.50 0.3272
1445.50 890.50 1509.49 817.48 0.5962
204.50 896.50 368.49 755.51 0.2107
234.50 898.50 395.47 753.48 0.5571
466.50 898.50 634.52 809.50 0.3196
594.50 897.50 1122.50 697.52 0.3329
692.50 892.50 791.51 757.51 0.6634
706.50 898.50 802.50 763.52 0.3201
709.50 892.50 805.50 758.50 0.4929
858.50 899.50 874.49 783.50 0.2227
1202.50 899.50 690.52 745.52 0.2428
90.50 900.50 218.49 852.56 0.4187
210.50 904.50 371.49 763.50 0.2316
213.50 903.50 373.50 763.48 0.2349
354.50 901.50 466.53 683.51 0.2467
388.50 907.50 534.50 738.52 0.2128
579.50 900.50 730.50 749.48 0.2466
602.50 907.50 450.48 889.50 0.2103
691.50 901.50 784.51 764.53 0.5154
698.50 907.50 794.52 771.51 0.6309
986.50 900.50 994.46 804.53 0.2377
994.50 900.50 1002.45 814.52 0.3604
1235.50 906.50 1256.52 849.51 0.4562
1299.50 907.50 1506.50 721.47 0.3537
1333.50 907.50 1525.50 723.46 0.6208
1397.50 900.50 1445.51 861.52 0.2790
1410.50 907.50 1458.49 864.51 0.2425
115.50 908.50 321.49 825.49 0.2218
213.50 909.50 373.49 767.49 0.5004
396.50 912.50 542.49 742.48 0.2248
404.50 913.50 552.50 747.48 0.4124
661.50 911.50 765.51 772.52 0.2337
677.50 911.50 773.49 775.50 0.4225
698.50 908.50 794.51 772.55 0.2054
821.50 910.50 845.50 788.53 0.2641
965.50 908.50 956.54 820.51 0.4571
1331.50 915.50 304.50 803.48 0.2605
1389.50 915.50 1445.48 875.53 0.2233
389.50 919.50 533.48 755.49 0.3280
457.50 923.50 578.48 763.52 0.5115
460.50 923.50 582.51 763.51 0.7499
468.50 923.50 589.51 763.50 0.2187
692.50 923.50 783.51 787.49 0.4671
725.50 916.50 812.49 780.52 0.2040
826.50 923.50 866.50 793.49 0.4094
834.50 923.50 858.47 802.51 0.3448
837.50 923.50 877.51 795.50 0.3652
877.50 919.50 909.51 803.51 0.3291
885.50 916.50 916.49 798.50 0.2987
968.50 923.50 963.50 832.50 0.2494
972.50 922.50 968.50 831.51 0.2469
980.50 921.50 976.49 833.47 0.5085
988.50 920.50 983.49 831.53 0.2505
1387.50 916.50 1432.49 868.54 0.6395
394.50 926.50 538.50 759.50 0.2523
444.50 924.50 567.51 764.52 0.3023
460.50 924.50 581.48 764.50 0.2334
469.50 925.50 589.50 764.49 0.2296
810.50 931.50 850.50 803.50 0.2794
829.50 927.50 869.49 797.49 0.3604
941.50 924.50 934.50 831.52 0.2617
962.50 931.50 953.50 843.50 0.4204
978.50 927.50 970.51 843.53 0.4700
981.50 927.50 973.50 843.52 0.5380
990.50 930.50 980.51 843.52 0.2911
1037.50 925.50 1021.49 845.52 0.4657
1101.50 931.50 1061.52 864.49 0.2943
1158.50 931.50 1113.51 873.50 0.3813
104.50 939.50 27.54 914.51 0.3721
429.50 939.50 549.50 776.49 0.2673
458.50 932.50 578.47 772.52 0.2554
469.50 935.50 581.47 772.48 0.2990
477.50 932.50 589.51 774.51 0.2632
484.50 934.50 598.51 772.54 0.3835
877.50 933.50 917.51 816.52 0.2499
906.50 934.50 898.50 829.47 0.4134
940.50 932.50 934.49 836.51 0.3070
989.50 939.50 981.50 851.48 0.2814
996.50 932.50 992.51 844.52 0.2675
1084.50 935.50 1046.50 868.49 0.2587
1098.50 935.50 1058.52 868.50 0.2846
1100.50 935.50 1060.51 868.50 0.3781
1147.50 939.50 1097.48 883.49 0.2114
1148.50 937.50 1103.50 880.49 0.4277
1165.50 936.50 1078.51 867.47 0.2920
1172.50 939.50 1090.50 861.50 0.2427
1458.50 933.50 1449.50 948.52 0.3178
1466.50 936.50 1458.50 950.51 0.2321
425.50 947.50 546.55 784.49 0.3574
428.50 947.50 549.49 784.50 0.4775
444.50 947.50 566.52 782.53 0.2157
781.50 943.50 829.48 812.49 0.2493
853.50 942.50 893.50 814.51 0.3300
934.50 941.50 920.51 846.51 0.2437
945.50 947.50 920.50 857.51 0.2038
954.50 947.50 931.52 857.49 0.2433
959.50 947.50 936.51 856.52 0.2249
966.50 941.50 940.57 854.53 0.2479
981.50 940.50 973.51 852.52 0.2925
1090.50 947.50 1051.49 883.55 0.2543
1092.50 940.50 1053.50 876.53 0.4706
1106.50 947.50 1065.53 883.48 0.3481
1201.50 947.50 1107.54 872.44 0.2207
418.50 955.50 539.55 792.46 0.4613
490.50 953.50 602.50 793.52 0.2438
693.50 955.50 725.49 818.50 0.2266
706.50 949.50 794.50 812.53 0.4479
773.50 948.50 820.49 820.50 0.2014
937.50 952.50 903.50 866.52 0.5176
957.50 955.50 933.50 862.52 0.2161
970.50 952.50 945.52 864.50 0.3721
974.50 952.50 948.56 864.49 0.4544
981.50 955.50 973.47 867.48 0.2065
1146.50 949.50 1098.51 893.49 0.4079
403.50 957.50 529.49 796.51 0.3028
410.50 958.50 538.52 800.52 0.5559
413.50 958.50 541.52 801.51 0.5100
437.50 963.50 557.49 795.51 0.5117
445.50 956.50 564.50 788.48 0.4349
457.50 962.50 579.51 791.52 0.5302
460.50 961.50 584.48 788.51 0.3878
469.50 956.50 589.51 789.51 0.2743
490.50 963.50 610.49 794.51 0.2450
650.50 958.50 706.51 817.49 0.2181
693.50 957.50 725.50 820.51 0.3460
700.50 962.50 792.51 826.50 0.5273
939.50 956.50 898.46 871.50 0.3169
973.50 958.50 949.52 878.49 0.2238
1241.50 963.50 1144.48 898.45 0.2734
1283.50 963.50 1251.56 954.51 0.4289
1326.50 960.50 1252.52 947.51 0.2395
309.50 969.50 1525.49 875.53 0.2218
445.50 967.50 564.53 798.51 0.2022
843.50 964.50 841.47 858.50 0.2209
850.50 966.50 850.49 859.53 0.3446
933.50 971.50 894.51 880.50 0.2894
945.50 964.50 903.52 878.50 0.4552
1091.50 965.50 1026.51 900.56 0.2017
1093.50 971.50 1029.50 906.51 0.6949
1244.50 964.50 1133.52 958.53 0.2843
1326.50 964.50 1252.56 951.55 0.2281
1696.50 971.50 1759.51 962.51 0.3034
274.50 977.50 378.50 894.48 0.2184
354.50 972.50 1194.52 612.51 0.6311
482.50 979.50 602.51 805.49 0.3077
490.50 974.50 610.51 808.54 0.4034
642.50 977.50 690.51 831.47 0.2298
708.50 974.50 737.50 839.51 0.4006
717.50 976.50 741.49 843.50 0.3823
738.50 974.50 754.51 836.52 0.2719
770.50 978.50 786.49 851.49 0.5173
802.50 973.50 818.50 854.49 0.2068
946.50 972.50 905.51 884.53 0.4411
980.50 979.50 931.50 893.52 0.2435
1499.50 972.50 1440.49 972.54 0.3453
1508.50 975.50 1462.49 989.47 0.6093
362.50 985.50 514.51 800.51 0.3693
658.50 981.50 1178.46 660.55 0.2875
701.50 984.50 725.51 848.49 0.4216
717.50 986.50 733.52 848.48 0.2410
725.50 983.50 741.51 851.51 0.5269
738.50 980.50 762.50 844.51 0.3554
746.50 981.50 770.50 848.50 0.3883
770.50 983.50 786.54 855.49 0.3083
773.50 984.50 789.54 855.49 0.5412
810.50 980.50 826.50 861.50 0.3436
837.50 986.50 837.50 871.53 0.3598
846.50 986.50 845.52 875.52 0.3449
909.50 986.50 869.51 897.49 0.4611
1010.50 985.50 945.51 906.54 0.2385
1013.50 986.50 948.51 907.49 0.3580
1051.50 980.50 977.49 916.52 0.2038
1060.50 981.50 982.50 916.53 0.2066
1082.50 985.50 1002.50 923.52 0.5459
1084.50 980.50 1008.53 918.50 0.3323
1114.50 985.50 1025.50 931.49 0.4014
1125.50 980.50 1580.46 886.53 0.5943
1507.50 981.50 1459.53 996.47 0.5822
1509.50 982.50 1461.50 996.49 0.7179
1533.50 987.50 1468.51 995.50 0.4273
1548.50 985.50 1486.53 1002.51 0.4197
1842.50 981.50 1850.52 956.56 0.3504
362.50 995.50 506.49 818.49 0.6899
717.50 995.50 733.50 857.52 0.5466
730.50 991.50 746.51 858.50 0.4601
733.50 990.50 749.50 856.50 0.3384
746.50 988.50 763.52 864.50 0.2905
757.50 995.50 781.49 863.48 0.2579
770.50 989.50 794.48 864.50 0.2296
909.50 995.50 869.51 904.48 0.2733
929.50 994.50 882.51 907.48 0.2212
954.50 992.50 898.49 903.50 0.2194
1021.50 988.50 956.52 911.52 0.2367
1051.50 995.50 975.51 930.48 0.3899
1059.50 989.50 985.48 924.49 0.2379
1060.50 993.50 991.47 930.46 0.4765
1082.50 990.50 1002.53 927.49 0.5228
1093.50 994.50 1005.50 938.49 0.3317
1101.50 990.50 1012.52 935.50 0.5835
1114.50 988.50 1026.49 934.49 0.2965
1117.50 988.50 1029.48 933.53 0.2166
1141.50 988.50 1045.50 936.51 0.2510
1205.50 989.50 1101.48 949.51 0.3530
1235.50 994.50 1112.51 939.48 0.6998
1244.50 995.50 1118.48 939.48 0.2965
1507.50 990.50 1459.52 1004.50 0.3326
1513.50 988.50 1466.48 1008.53 0.4993
1714.50 990.50 1551.50 952.51 0.3606
629.50 1002.50 685.54 859.50 0.2323
644.50 997.50 696.50 852.47 0.2613
701.50 1003.50 717.51 867.49 0.2137
722.50 1003.50 738.50 863.49 0.5467
725.50 1003.50 741.50 864.49 0.4460
741.50 997.50 757.50 871.51 0.5577
752.50 1003.50 765.53 875.52 0.2851
892.50 996.50 853.50 901.48 0.3859
905.50 996.50 866.52 904.51 0.4333
1050.50 996.50 978.52 932.51 0.6360
1092.50 998.50 1005.49 940.54 0.3984
1107.50 996.50 1018.49 940.57 0.5278
1235.50 996.50 1112.50 940.56 0.7134
1237.50 1002.50 1132.54 970.53 0.6173
1533.50 1003.50 1485.49 1009.51 0.2913
250.50 1004.50 474.49 716.52 0.2621
628.50 1004.50 685.52 860.54 0.2276
714.50 1011.50 730.49 874.52 0.8299
717.50 1011.50 733.48 873.52 0.7985
725.50 1008.50 741.46 868.50 0.4669
746.50 1011.50 762.52 882.50 0.2274
877.50 1008.50 845.50 890.51 0.2616
899.50 1005.50 859.51 908.50 0.3058
901.50 1010.50 861.48 913.48 0.6575
1148.50 1008.50 1048.51 948.49 0.2646
1211.50 1005.50 1095.50 972.57 0.4625
1235.50 1007.50 1114.52 949.51 0.4367
1237.50 1004.50 1132.53 972.53 0.4291
1515.50 1006.50 1465.48 1014.52 0.6415
1548.50 1004.50 1496.49 1019.52 0.4943
1586.50 1008.50 1527.50 698.49 0.2820
157.50 1012.50 293.50 932.52 0.2370
567.50 1019.50 547.50 897.50 0.2359
629.50 1019.50 661.48 875.50 0.2539
650.50 1012.50 690.51 874.51 0.2430
699.50 1014.50 720.48 879.48 0.2542
714.50 1012.50 730.51 876.53 0.2434
717.50 1012.50 733.50 876.53 0.5028
725.50 1013.50 741.49 876.49 0.3042
812.50 1019.50 1576.52 811.48 0.4793
853.50 1013.50 837.50 904.50 0.4691
906.50 1013.50 866.49 916.50 0.2673
908.50 1019.50 873.52 923.47 0.7798
930.50 1012.50 882.47 918.54 0.2177
1205.50 1015.50 1093.51 980.54 0.2633
1522.50 1017.50 1473.53 1020.51 0.2411
1534.50 1012.50 1484.50 1025.52 0.2560
1555.50 1015.50 1494.49 1025.49 0.2012
645.50 1024.50 693.51 872.49 0.4262
729.50 1020.50 744.52 889.52 0.4302
770.50 1027.50 706.51 929.49 0.2646
803.50 1020.50 1566.47 805.47 0.2048
845.50 1025.50 189.53 720.52 0.2873
906.50 1023.50 874.51 928.49 0.6102
933.50 1027.50 885.48 931.50 0.2460
1130.50 1020.50 1042.49 966.52 0.2640
1174.50 1020.50 1068.54 980.53 0.2373
1277.50 1020.50 1149.49 1004.52 0.2896
1284.50 1023.50 1156.53 1008.52 0.2232
1531.50 1020.50 1481.52 1032.50 0.5958
1538.50 1020.50 1487.50 1031.49 0.2630
226.50 1033.50 346.51 995.49 0.3323
581.50 1035.50 453.49 947.51 0.2053
601.50 1035.50 475.49 939.50 0.4034
802.50 1030.50 1570.46 815.51 0.3601
827.50 1029.50 804.49 913.50 0.2282
829.50 1030.50 181.53 727.51 0.3223
954.50 1034.50 906.52 947.51 0.3356
1066.50 1032.50 955.51 952.53 0.2255
1254.50 1035.50 1124.53 1019.49 0.3148
1332.50 1030.50 1100.52 980.53 0.4002
1372.50 1028.50 1204.50 1028.51 0.2001
